0
0
0
0
0
0
0
0
0
0
0
0
0
0
0
0
0
0
0
0
0
0
0
0
0
0
0
0
0
0
0
0
0
0
0
0
0
0
0
0
0
0
0
0
0
0
0
0
0
0
0
0
0
0
0
0
0
0
0
0
0
0
0
0
0
0
0
0
0
0
0
0
0
0
0
0
0
0
0
0
0
0
0
0
0
0
0
0
0
0
0
0
0
0
0
0
-300
-300
-300
-300
-300
-300
-300
-300
0
0
0
0
0
0
300
300
300
300
300
300
600
600
900
900
1500
2100
2700
3600
4500
5700
7200
8700
10200
11100
12300
12900
13500
14100
14400
15000
15000
15300
15600
15900
16200
16500
16800
17100
17400
17700
18300
18300
18600
18900
19200
19500
19800
19800
20100
20100
20400
20400
20700
20700
20700
20700
20700
20700
20700
20400
20400
20400
20400
20400
20400
20100
20100
19800
19800
19500
19200
18900
18600
18300
18000
17700
17400
17100
16800
16500
16200
15900
15600
15300
15000
14700
14400
14100
13800
13500
13200
12900
12600
12300
11700
11400
11100
10800
10500
10200
9900
9600
9600
9300
9000
8700
8700
8400
8100
8100
7800
7500
7200
7200
6900
6900
6600
6300
6300
6000
5700
5700
5400
5400
5400
5100
5100
5100
5100
4800
4800
4800
4500
4500
4500
4200
4200
4200
3900
3900
3900
3600
3600
3600
3300
3300
3300
3300
3300
3000
3000
3000
3000
3000
2700
2700
2700
2400
2400
2100
2100
2100
1800
1800
1800
1500
1500
1500
1500
1200
1200
1200
1200
900
900
900
900
600
600
600
300
300
300
0
0
0
0
0
0
0
0
0
0
0
0
0
0
0
0
0
0
0
0
0
0
0
0
0
0
0
0
0
0
0
0
0
0
0
0
0
0
0
0
0
0
0
0
0
0
0
0
0
0
0
0
0
0
0
0
0
0
0
0
0
0
0
0
0
0
0
0
0
0
0
0
0
0
0
0
0
0
0
0
0
0
0
0
0
0
0
0
0
0
0
0
0
0
0
0
0
0
